1:
((((4 + 25) * (25 * 100)) / ((100 / 25) / (100 / 25))) + (((2 / 4) * (7 - 100)) * ((4 + 100) + (25 + 25))))
number: 65339.0
depth: 4
generation: 10

2:
(((((7 + 25) * (25 * 7)) / ((7 / 25) / 4)) + (((7 / 2) * (7 - 100)) * (2 / ((4 + 100) - 4)))) + (((7 / 2) * (7 - 100)) * ((8 * 2) + (25 + 4))))
depth: 6
generation: 30
number: 65345.9899999999

3:
(((((((2 + 7) / 7) - 25) - 4) / (25 * 100)) + 25) * ((25 * 100) + ((100 + 7) - (2 - (4 - ((7 - 4) - (2 + 7)))))))
depth: 7
number: 65346.010857142865
generation: 30